start_time,end_time,duration,asleep,soothing
2020-02-15T16:44:48,2020-02-15T16:44:49,1,1,0
2020-02-15T17:00:42,2020-02-15T17:16:21,939,187,752
2020-02-17T18:17:47,2020-02-17T18:36:08,1101,440,661
2020-02-23T03:47:14,2020-02-23T06:50:24,10990,10990,0
2020-02-23T21:20:30,2020-02-24T00:24:23,11033,10932,101
2020-02-24T01:12:02,2020-02-24T04:11:42,10780,10780,0
2020-02-24T05:37:11,2020-02-24T05:43:02,351,351,0
2020-02-24T13:33:34,2020-02-24T16:24:33,10259,9227,1032
2020-02-24T23:36:56,2020-02-25T04:40:35,18219,18219,0
2020-02-25T05:32:02,2020-02-25T06:20:14,2892,2407,485
2020-02-25T18:50:00,2020-02-25T22:22:39,12759,12244,515
2020-02-25T23:29:40,2020-02-26T03:09:50,13210,13161,49
2020-02-26T05:09:17,2020-02-26T07:15:20,7563,7563,0
2020-02-26T10:37:41,2020-02-26T13:35:14,10653,10653,0
2020-02-26T16:38:27,2020-02-26T17:18:48,2421,1959,462
2020-02-26T20:54:55,2020-02-26T23:54:14,10759,10691,68
2020-02-27T00:44:54,2020-02-27T05:09:53,15899,15353,546
2020-02-27T21:31:30,2020-02-28T01:52:58,15688,15659,29
2020-02-28T03:02:57,2020-02-28T04:59:29,6992,6813,179
2020-02-28T10:53:24,2020-02-28T13:27:17,9233,9228,5
2020-02-28T22:14:56,2020-02-29T01:09:19,10463,10361,102
2020-02-29T02:12:29,2020-02-29T05:57:12,13483,13414,69
2020-02-29T09:45:21,2020-02-29T12:20:02,9281,9281,0
2020-02-29T16:29:11,2020-02-29T16:51:49,1358,997,361
2020-03-02T00:36:42,2020-03-02T05:08:58,16336,15120,1216
2020-03-02T09:55:45,2020-03-02T10:59:18,3813,3312,501
2020-03-02T15:01:23,2020-03-02T15:27:01,1538,1458,80
2020-03-02T21:30:49,2020-03-03T00:38:20,11251,11251,0
2020-03-03T01:41:17,2020-03-03T05:04:10,12173,12173,0
2020-03-03T05:08:35,2020-03-03T05:44:19,2144,2144,0
2020-03-03T05:45:18,2020-03-03T05:53:03,465,465,0
2020-03-03T22:20:48,2020-03-04T01:17:47,10619,10619,0
2020-03-04T02:20:04,2020-03-04T05:22:30,10946,10615,331
2020-03-04T20:59:13,2020-03-05T04:50:52,28299,28299,0
2020-03-05T21:29:14,2020-03-06T00:23:57,10483,10483,0
2020-03-06T01:23:51,2020-03-06T04:29:07,11116,10636,480
2020-03-06T05:16:13,2020-03-06T06:04:04,2871,2825,46
2020-03-06T21:48:44,2020-03-07T00:20:51,9127,9127,0
2020-03-07T01:11:22,2020-03-07T04:39:21,12479,12409,70
2020-03-07T21:35:49,2020-03-08T01:59:35,15826,15826,0
2020-03-08T03:53:27,2020-03-08T07:25:56,12749,12749,0
2020-03-08T22:06:03,2020-03-09T01:34:59,12536,12486,50
2020-03-09T03:03:32,2020-03-09T06:17:41,11649,11443,206
2020-03-09T22:05:30,2020-03-10T03:49:15,20625,20625,0
2020-03-10T05:15:25,2020-03-10T07:51:52,9387,9376,11
2020-03-10T22:06:42,2020-03-11T05:24:23,26261,26205,56
2020-03-11T06:17:50,2020-03-11T07:03:03,2713,2713,0
2020-03-11T21:58:40,2020-03-11T22:01:04,144,144,0
2020-03-11T22:06:52,2020-03-12T02:11:37,14685,14685,0
2020-03-12T03:10:16,2020-03-12T03:11:06,50,50,0
2020-03-12T03:15:34,2020-03-12T06:35:19,11985,11985,0
2020-03-12T07:22:03,2020-03-12T07:23:37,94,94,0
2020-03-12T13:42:53,2020-03-12T13:53:06,613,224,389
2020-03-12T21:41:33,2020-03-12T22:30:41,2948,2948,0
2020-03-12T22:56:13,2020-03-13T04:39:39,20606,20489,117
2020-03-13T05:33:25,2020-03-13T07:45:53,7948,7948,0
2020-03-13T17:46:30,2020-03-13T20:36:36,10206,10206,0
2020-03-13T21:25:09,2020-03-13T21:32:33,444,444,0
2020-03-13T21:40:35,2020-03-14T01:20:51,13216,13171,45
2020-03-14T02:03:03,2020-03-14T02:36:43,2020,1540,480
2020-03-14T03:00:37,2020-03-14T04:00:27,3590,3590,0
2020-03-14T04:29:09,2020-03-14T04:30:52,103,103,0
2020-03-14T04:43:57,2020-03-14T05:47:16,3799,3699,100
2020-03-14T16:00:39,2020-03-14T16:37:39,2220,2133,87
2020-03-14T17:27:40,2020-03-14T17:28:12,32,32,0
2020-03-14T21:48:10,2020-03-14T23:54:02,7552,7514,38
2020-03-15T00:18:32,2020-03-15T03:13:37,10505,10307,198
2020-03-15T03:45:51,2020-03-15T03:54:56,545,545,0
2020-03-15T04:34:26,2020-03-15T05:11:33,2227,2227,0
2020-03-15T05:52:40,2020-03-15T06:46:30,3230,3199,31
2020-03-15T22:15:41,2020-03-16T05:01:28,24347,24273,74
2020-03-16T05:45:30,2020-03-16T06:41:47,3377,3377,0
2020-03-16T21:59:16,2020-03-17T01:19:48,12032,12032,0
2020-03-17T02:23:53,2020-03-17T06:02:44,13131,12942,189
2020-03-17T15:44:23,2020-03-17T16:31:11,2808,2808,0
2020-03-17T21:45:58,2020-03-18T06:04:22,29904,29904,0
2020-03-18T06:59:10,2020-03-18T06:59:37,27,27,0
2020-03-18T22:19:24,2020-03-19T03:12:12,17568,17568,0
2020-03-19T04:07:45,2020-03-19T06:58:35,10250,10250,0
2020-03-19T21:49:48,2020-03-20T01:02:45,11577,11577,0
2020-03-20T02:09:49,2020-03-20T05:58:30,13721,13694,27
2020-03-20T22:32:25,2020-03-20T23:31:47,3562,3562,0
2020-03-21T00:27:59,2020-03-21T01:07:13,2354,2320,34
2020-03-21T01:50:27,2020-03-21T02:37:12,2805,2805,0
2020-03-21T03:13:08,2020-03-21T03:14:58,110,110,0
2020-03-21T03:42:26,2020-03-21T04:29:40,2834,2683,151
2020-03-21T05:29:21,2020-03-21T08:26:00,10599,10306,293
2020-03-21T10:38:50,2020-03-21T11:52:06,4396,4396,0
2020-03-21T14:26:51,2020-03-21T14:28:10,79,79,0
2020-03-21T22:18:06,2020-03-22T01:24:59,11213,11213,0
2020-03-22T02:10:59,2020-03-22T03:09:55,3536,3536,0
2020-03-22T04:00:24,2020-03-22T06:57:03,10599,10559,40
2020-03-22T11:53:42,2020-03-22T12:44:12,3030,2824,206
2020-03-22T21:36:10,2020-03-23T00:58:21,12131,12131,0
2020-03-23T02:03:17,2020-03-23T05:36:54,12817,12817,0
2020-03-23T06:31:48,2020-03-23T07:48:55,4627,4627,0
2020-03-23T13:52:35,2020-03-23T14:08:24,949,949,0
2020-03-23T16:58:35,2020-03-23T17:23:21,1486,1447,39
2020-03-23T21:20:51,2020-03-24T01:58:28,16657,16657,0
2020-03-24T03:00:23,2020-03-24T03:47:52,2849,2849,0
2020-03-24T04:38:43,2020-03-24T06:37:00,7097,7097,0
2020-03-24T21:29:32,2020-03-25T01:18:55,13763,13749,14
2020-03-25T02:20:31,2020-03-25T05:12:29,10318,10300,18
2020-03-25T06:01:56,2020-03-25T07:03:47,3711,3699,12
2020-03-25T22:06:49,2020-03-26T01:07:29,10840,10840,0
2020-03-26T01:58:13,2020-03-26T05:06:19,11286,11270,16
2020-03-26T06:00:55,2020-03-26T06:44:30,2615,2606,9
2020-03-26T21:29:02,2020-03-27T01:17:23,13701,13701,0
2020-03-27T02:11:51,2020-03-27T05:34:51,12180,12180,0
2020-03-27T22:05:53,2020-03-28T00:41:41,9348,9348,0
2020-03-28T01:45:12,2020-03-28T05:03:46,11914,11870,44
2020-03-28T05:47:55,2020-03-28T06:55:53,4078,4078,0
2020-03-28T09:13:55,2020-03-28T10:04:25,3030,3030,0
2020-03-28T11:47:50,2020-03-28T12:52:23,3873,3873,0
2020-03-28T14:31:36,2020-03-28T14:48:07,991,991,0
2020-03-28T15:02:14,2020-03-28T15:07:23,309,309,0
2020-03-28T20:37:32,2020-03-29T01:49:43,18731,18731,0
2020-03-29T02:43:57,2020-03-29T04:50:08,7571,7571,0
2020-03-29T05:34:58,2020-03-29T06:19:13,2655,2360,295
2020-03-29T08:38:51,2020-03-29T09:28:27,2976,2878,98
2020-03-29T11:24:01,2020-03-29T12:05:43,2502,2502,0
2020-03-29T21:10:28,2020-03-30T01:04:39,14051,13571,480
2020-03-30T02:00:03,2020-03-30T05:32:23,12740,12740,0
2020-03-30T06:25:13,2020-03-30T07:18:08,3175,3133,42
2020-03-30T14:06:41,2020-03-30T14:24:28,1067,637,430
2020-03-30T20:11:35,2020-03-31T01:00:22,17327,17212,115
2020-03-31T01:58:32,2020-03-31T03:22:37,5045,5045,0
2020-03-31T04:05:19,2020-03-31T06:34:08,8929,8913,16
2020-03-31T11:20:55,2020-03-31T12:04:18,2603,2603,0
2020-03-31T14:53:17,2020-03-31T15:32:16,2339,2339,0
2020-03-31T20:37:42,2020-04-01T02:07:59,19817,19817,0
2020-04-01T02:55:50,2020-04-01T05:45:24,10174,10174,0
2020-04-01T06:28:28,2020-04-01T07:24:31,3363,3363,0
2020-04-01T11:49:02,2020-04-01T12:00:12,670,642,28
2020-04-01T12:17:19,2020-04-01T12:52:53,2134,2134,0
2020-04-01T15:05:49,2020-04-01T15:06:44,55,55,0
2020-04-01T20:38:08,2020-04-01T23:27:33,10165,10165,0
2020-04-01T23:51:13,2020-04-02T01:12:02,4849,4849,0
2020-04-02T01:37:18,2020-04-02T01:43:29,371,371,0
2020-04-02T01:43:29,2020-04-02T01:43:34,5,5,0
2020-04-02T02:22:08,2020-04-02T04:43:02,8454,8454,0
2020-04-02T05:39:31,2020-04-02T06:39:40,3609,3609,0
2020-04-02T16:55:35,2020-04-02T17:29:56,2061,2061,0
2020-04-02T20:26:46,2020-04-02T21:40:14,4408,4396,12
2020-04-02T22:22:22,2020-04-03T00:12:36,6614,6614,0
2020-04-03T00:51:15,2020-04-03T01:40:00,2925,2925,0
2020-04-03T01:59:06,2020-04-03T03:03:38,3872,3872,0
2020-04-03T03:54:35,2020-04-03T06:41:33,10018,10018,0
2020-04-03T07:31:23,2020-04-03T07:41:34,611,430,181
2020-04-03T18:53:30,2020-04-03T19:25:26,1916,1885,31
2020-04-03T21:29:16,2020-04-03T21:32:16,180,180,0
2020-04-03T21:43:24,2020-04-04T03:06:10,19366,19313,53
2020-04-04T03:42:49,2020-04-04T06:53:21,11432,11432,0
2020-04-04T21:25:10,2020-04-05T03:56:12,23462,23462,0
2020-04-05T04:32:12,2020-04-05T05:23:37,3085,3085,0
2020-04-05T06:14:45,2020-04-05T07:05:58,3073,3073,0
2020-04-05T20:58:10,2020-04-05T20:59:36,86,86,0
2020-04-05T21:13:41,2020-04-06T05:43:07,30566,30566,0
2020-04-06T06:09:18,2020-04-06T06:25:41,983,983,0
2020-04-06T20:07:30,2020-04-07T02:10:32,21782,21782,0
2020-04-07T02:56:19,2020-04-07T04:04:34,4095,4095,0
2020-04-07T04:41:36,2020-04-07T07:15:41,9245,9080,165
2020-04-07T20:34:55,2020-04-08T04:20:12,27917,27917,0
2020-04-08T05:13:11,2020-04-08T06:08:12,3301,3301,0
2020-04-08T19:58:48,2020-04-08T20:03:46,298,298,0
2020-04-08T20:22:32,2020-04-09T03:16:45,24853,24853,0
2020-04-09T04:12:24,2020-04-09T06:59:34,10030,10030,0
2020-04-09T16:30:22,2020-04-09T16:30:33,11,11,0
2020-04-09T21:00:52,2020-04-10T03:43:29,24157,24157,0
2020-04-10T04:36:54,2020-04-10T05:28:21,3087,3087,0
2020-04-10T05:55:45,2020-04-10T05:57:41,116,116,0
2020-04-10T06:06:11,2020-04-10T06:55:23,2952,2952,0
2020-04-10T13:19:29,2020-04-10T13:20:52,83,83,0
2020-04-10T13:45:14,2020-04-10T13:56:31,677,374,303
2020-04-10T20:32:21,2020-04-11T00:38:02,14741,14741,0
2020-04-11T01:22:54,2020-04-11T04:40:54,11880,11880,0
2020-04-11T05:24:44,2020-04-11T06:20:08,3324,3161,163
2020-04-11T20:48:53,2020-04-12T03:48:27,25174,25174,0
2020-04-12T04:32:03,2020-04-12T06:57:52,8749,8749,0
2020-04-12T20:14:10,2020-04-12T23:55:03,13253,13253,0
2020-04-13T00:48:09,2020-04-13T04:37:31,13762,13734,28
2020-04-13T05:26:19,2020-04-13T06:22:52,3393,3344,49
2020-04-13T10:20:51,2020-04-13T11:00:42,2391,2391,0
2020-04-13T13:06:26,2020-04-13T13:48:16,2510,2510,0
2020-04-13T15:43:41,2020-04-13T16:35:07,3086,3086,0
2020-04-13T18:47:51,2020-04-13T18:57:24,573,573,0
2020-04-13T20:19:35,2020-04-14T01:14:28,17693,17693,0
2020-04-14T01:50:57,2020-04-14T04:47:46,10609,10609,0
2020-04-14T05:12:46,2020-04-14T06:28:38,4552,4552,0
2020-04-14T08:10:01,2020-04-14T08:53:19,2598,2598,0
2020-04-14T10:36:46,2020-04-14T11:36:51,3605,3605,0
2020-04-14T13:27:32,2020-04-14T14:17:17,2985,2985,0
2020-04-14T16:17:34,2020-04-14T16:55:30,2276,2276,0
2020-04-14T19:43:33,2020-04-14T19:48:58,325,325,0
2020-04-14T20:03:18,2020-04-15T02:01:12,21474,21474,0
2020-04-15T02:51:56,2020-04-15T05:48:47,10611,10611,0
2020-04-15T06:36:33,2020-04-15T07:45:19,4126,4126,0
2020-04-15T09:27:49,2020-04-15T09:57:55,1806,1806,0
2020-04-15T11:49:18,2020-04-15T12:35:00,2742,2742,0
2020-04-15T14:17:10,2020-04-15T14:18:24,74,74,0
2020-04-15T14:33:25,2020-04-15T15:07:09,2024,2024,0
2020-04-15T17:05:10,2020-04-15T17:42:29,2239,2239,0
2020-04-15T20:04:56,2020-04-15T20:09:40,284,284,0
2020-04-15T20:25:03,2020-04-16T01:56:37,19894,19894,0
2020-04-16T02:44:50,2020-04-16T05:39:13,10463,10463,0
2020-04-16T06:26:02,2020-04-16T07:13:55,2873,2873,0
2020-04-16T08:51:34,2020-04-16T09:00:47,553,472,81
2020-04-16T09:17:32,2020-04-16T09:56:33,2341,2341,0
2020-04-16T11:43:58,2020-04-16T11:45:59,121,121,0
2020-04-16T11:52:00,2020-04-16T12:29:05,2225,2225,0
2020-04-16T13:51:35,2020-04-16T14:01:14,579,12,567
2020-04-16T14:22:53,2020-04-16T14:57:45,2092,1688,404
2020-04-16T16:35:43,2020-04-16T17:17:48,2525,2525,0
2020-04-16T20:05:37,2020-04-17T04:01:41,28564,28564,0
2020-04-17T04:59:50,2020-04-17T07:03:56,7446,7446,0
2020-04-17T08:52:53,2020-04-17T08:59:03,370,358,12
2020-04-17T09:07:51,2020-04-17T09:53:47,2756,2738,18
2020-04-17T11:49:36,2020-04-17T11:50:23,47,47,0
2020-04-17T11:57:09,2020-04-17T12:41:25,2656,2656,0
2020-04-17T14:29:42,2020-04-17T15:16:53,2831,2704,127
2020-04-17T20:31:21,2020-04-17T21:40:13,4132,4132,0
2020-04-17T22:01:58,2020-04-17T22:09:06,428,393,35
2020-04-17T22:19:35,2020-04-18T03:40:15,19240,19240,0
2020-04-18T04:39:35,2020-04-18T07:10:55,9080,9080,0
2020-04-18T08:57:03,2020-04-18T10:49:31,6748,6748,0
2020-04-18T12:26:20,2020-04-18T12:30:40,260,260,0
2020-04-18T12:36:38,2020-04-18T13:23:10,2792,2792,0
2020-04-18T14:59:20,2020-04-18T15:33:03,2023,2023,0
2020-04-18T17:05:14,2020-04-18T17:13:40,506,506,0
2020-04-18T17:18:30,2020-04-18T18:27:25,4135,4135,0
2020-04-18T20:36:17,2020-04-19T02:32:38,21381,21381,0
2020-04-19T03:36:37,2020-04-19T06:23:43,10026,10026,0
2020-04-19T08:26:07,2020-04-19T09:11:00,2693,2693,0
2020-04-19T11:21:05,2020-04-19T12:01:45,2440,2440,0
2020-04-19T13:52:28,2020-04-19T14:36:16,2628,2628,0
2020-04-19T16:43:37,2020-04-19T17:24:40,2463,2463,0
2020-04-19T20:17:05,2020-04-20T02:02:07,20702,20702,0
2020-04-20T02:56:56,2020-04-20T04:57:04,7208,7208,0
2020-04-20T05:44:58,2020-04-20T06:28:15,2597,2597,0
2020-04-20T08:27:35,2020-04-20T09:03:10,2135,2135,0
2020-04-20T10:57:58,2020-04-20T11:32:49,2091,2091,0
2020-04-20T13:28:00,2020-04-20T14:10:35,2555,2555,0
2020-04-20T16:13:22,2020-04-20T16:46:20,1978,1978,0
2020-04-20T19:50:21,2020-04-20T19:51:01,40,40,0
2020-04-20T20:02:20,2020-04-20T20:50:16,2876,2876,0
2020-04-20T21:03:49,2020-04-21T02:09:24,18335,18335,0
2020-04-21T02:57:13,2020-04-21T03:56:59,3586,3586,0
2020-04-21T04:21:26,2020-04-21T04:59:01,2255,2255,0
2020-04-21T05:34:23,2020-04-21T06:17:04,2561,2561,0
2020-04-21T08:21:40,2020-04-21T09:01:29,2389,2389,0
2020-04-21T10:59:40,2020-04-21T11:50:24,3044,3044,0
2020-04-21T13:50:06,2020-04-21T14:31:10,2464,2464,0
2020-04-21T16:43:59,2020-04-21T17:22:25,2306,2306,0
2020-04-21T20:03:42,2020-04-21T20:55:03,3081,3081,0
2020-04-21T21:07:46,2020-04-21T21:08:09,23,23,0
2020-04-21T21:17:56,2020-04-21T21:41:11,1395,1395,0
2020-04-21T21:41:47,2020-04-21T21:42:27,40,40,0
2020-04-21T21:43:57,2020-04-21T21:45:57,120,120,0
2020-04-21T22:04:47,2020-04-22T03:52:14,20847,20847,0
2020-04-22T04:48:08,2020-04-22T05:30:02,2514,2514,0
2020-04-22T06:47:48,2020-04-22T07:26:27,2319,2319,0
2020-04-22T09:06:14,2020-04-22T09:56:11,2997,2997,0
2020-04-22T11:48:17,2020-04-22T11:49:36,79,79,0
2020-04-22T12:07:21,2020-04-22T12:36:17,1736,1628,108
2020-04-22T14:23:28,2020-04-22T15:07:22,2634,2518,116
2020-04-22T15:07:30,2020-04-22T15:07:45,15,15,0
2020-04-22T15:08:55,2020-04-22T15:09:06,11,11,0
2020-04-22T16:50:37,2020-04-22T17:25:29,2092,2092,0
2020-04-22T19:24:10,2020-04-22T19:25:16,66,66,0
2020-04-22T19:44:45,2020-04-22T19:46:04,79,79,0
2020-04-22T21:13:04,2020-04-23T05:42:07,30543,30543,0
2020-04-23T09:48:26,2020-04-23T10:28:30,2404,2404,0
2020-04-23T12:09:26,2020-04-23T12:56:33,2827,2827,0
2020-04-23T17:00:15,2020-04-23T17:03:33,198,198,0
2020-04-23T19:35:45,2020-04-23T22:43:32,11267,11267,0
2020-04-23T23:37:53,2020-04-24T03:41:45,14632,14632,0
2020-04-24T04:36:54,2020-04-24T06:39:15,7341,7341,0
2020-04-24T11:41:09,2020-04-24T12:21:22,2413,2413,0
2020-04-24T16:52:11,2020-04-24T17:29:46,2255,2255,0
2020-04-24T20:08:43,2020-04-25T04:55:32,31609,31609,0
2020-04-25T05:51:11,2020-04-25T07:05:16,4445,4445,0
2020-04-25T09:05:20,2020-04-25T09:39:52,2072,2072,0
2020-04-25T11:13:09,2020-04-25T11:13:12,3,3,0
2020-04-25T11:51:15,2020-04-25T12:39:10,2875,2875,0
2020-04-25T14:36:26,2020-04-25T15:13:56,2250,2250,0
2020-04-25T17:13:44,2020-04-25T17:47:55,2051,2051,0
2020-04-25T19:13:08,2020-04-25T19:13:14,6,6,0
2020-04-25T20:14:17,2020-04-25T20:15:29,72,72,0
2020-04-25T20:31:08,2020-04-26T00:33:38,14550,14550,0
2020-04-26T01:42:13,2020-04-26T06:01:51,15578,15500,78
2020-04-26T07:40:04,2020-04-26T08:13:30,2006,2006,0
2020-04-26T10:02:54,2020-04-26T10:03:25,31,31,0
2020-04-26T10:09:42,2020-04-26T10:44:13,2071,2071,0
2020-04-26T14:54:39,2020-04-26T15:40:07,2728,2728,0
2020-04-26T17:28:18,2020-04-26T18:10:48,2550,2550,0
2020-04-26T20:12:58,2020-04-27T06:20:36,36458,36458,0
2020-04-27T08:09:11,2020-04-27T08:47:49,2318,2318,0
2020-04-27T10:31:03,2020-04-27T11:02:50,1907,1907,0
2020-04-27T12:45:06,2020-04-27T13:31:37,2791,2791,0
2020-04-27T15:26:41,2020-04-27T16:02:17,2136,2136,0
2020-04-27T17:49:29,2020-04-27T17:50:32,63,63,0
2020-04-27T18:21:14,2020-04-27T19:01:41,2427,2427,0
2020-04-27T20:52:57,2020-04-28T01:02:54,14997,14997,0
2020-04-28T02:10:31,2020-04-28T06:02:34,13923,13923,0
2020-04-28T07:41:45,2020-04-28T07:43:15,90,90,0
2020-04-28T07:49:03,2020-04-28T08:28:17,2354,2354,0
2020-04-28T10:11:26,2020-04-28T10:39:24,1678,1678,0
2020-04-28T14:37:07,2020-04-28T15:13:15,2168,2168,0
2020-04-28T17:11:42,2020-04-28T17:57:40,2758,2715,43
2020-04-28T20:12:59,2020-04-29T04:47:29,30870,30870,0
2020-04-29T05:45:46,2020-04-29T06:40:13,3267,3267,0
2020-04-29T08:01:18,2020-04-29T08:40:45,2367,2367,0
2020-04-29T15:06:57,2020-04-29T15:49:47,2570,2570,0
2020-04-29T20:20:52,2020-04-30T04:12:49,28317,28317,0
2020-04-30T04:36:01,2020-04-30T06:45:44,7783,7783,0
2020-04-30T08:23:03,2020-04-30T09:01:16,2293,2293,0
2020-04-30T10:50:27,2020-04-30T11:29:37,2350,2350,0
2020-04-30T13:44:52,2020-04-30T14:09:33,1481,1481,0
2020-04-30T18:48:00,2020-04-30T19:28:40,2440,2440,0
2020-04-30T21:25:22,2020-05-01T04:56:12,27050,27050,0
2020-05-01T05:40:50,2020-05-01T06:43:07,3737,3737,0
2020-05-01T08:31:04,2020-05-01T08:31:55,51,51,0
2020-05-01T08:37:01,2020-05-01T09:18:20,2479,2479,0
2020-05-01T10:50:15,2020-05-01T10:51:00,45,45,0
2020-05-01T10:59:31,2020-05-01T11:01:23,112,112,0
2020-05-01T11:10:18,2020-05-01T11:49:01,2323,2323,0
2020-05-01T13:37:50,2020-05-01T14:09:38,1908,1908,0
2020-05-01T18:37:00,2020-05-01T19:08:55,1915,1915,0
2020-05-01T21:17:11,2020-05-02T04:29:01,25910,25910,0
2020-05-02T05:05:44,2020-05-02T06:00:15,3271,3271,0
2020-05-02T07:30:46,2020-05-02T08:08:16,2250,2250,0
2020-05-02T09:42:12,2020-05-02T09:54:07,715,715,0
2020-05-02T10:07:24,2020-05-02T10:40:13,1969,1969,0
2020-05-02T12:35:38,2020-05-02T13:06:29,1851,1851,0
2020-05-02T20:16:16,2020-05-03T03:30:02,26026,26026,0
2020-05-03T04:29:19,2020-05-03T07:21:45,10346,10346,0
2020-05-03T11:38:12,2020-05-03T12:16:52,2320,2320,0
2020-05-03T14:00:24,2020-05-03T14:43:28,2584,2584,0
2020-05-03T21:27:41,2020-05-04T06:15:40,31679,31679,0
2020-05-04T07:51:10,2020-05-04T08:30:43,2373,2373,0
2020-05-04T10:21:12,2020-05-04T10:49:56,1724,1724,0
2020-05-04T12:36:19,2020-05-04T13:13:23,2224,2224,0
2020-05-04T17:11:53,2020-05-04T17:45:16,2003,2003,0
2020-05-04T20:06:51,2020-05-05T04:41:46,30895,30895,0
2020-05-05T05:03:46,2020-05-05T05:12:07,501,501,0
2020-05-05T05:35:42,2020-05-05T06:31:44,3362,3362,0
2020-05-05T08:16:17,2020-05-05T08:44:56,1719,1719,0
2020-05-05T10:38:32,2020-05-05T11:16:37,2285,2285,0
2020-05-05T13:13:27,2020-05-05T13:52:39,2352,2352,0
2020-05-05T15:50:59,2020-05-05T16:02:06,667,667,0
2020-05-05T17:48:01,2020-05-05T18:13:08,1507,1507,0
2020-05-05T20:17:43,2020-05-05T20:18:07,24,24,0
2020-05-05T20:28:44,2020-05-06T01:06:22,16658,16658,0
2020-05-06T01:52:40,2020-05-06T04:10:02,8242,8242,0
2020-05-06T04:12:47,2020-05-06T04:14:00,73,73,0
2020-05-06T04:49:01,2020-05-06T05:43:29,3268,3268,0
2020-05-06T07:18:50,2020-05-06T07:25:04,374,374,0
2020-05-06T07:31:28,2020-05-06T08:08:50,2242,2242,0
2020-05-06T10:10:13,2020-05-06T10:44:10,2037,2037,0
2020-05-06T12:33:19,2020-05-06T13:24:03,3044,3044,0
2020-05-06T15:12:14,2020-05-06T15:46:13,2039,2039,0
2020-05-06T17:51:06,2020-05-06T18:27:02,2156,2156,0
2020-05-06T20:31:13,2020-05-07T05:56:24,33911,33873,38
2020-05-07T07:38:50,2020-05-07T08:13:48,2098,2098,0
2020-05-07T10:06:27,2020-05-07T10:14:00,453,453,0
2020-05-07T10:19:52,2020-05-07T10:50:29,1837,1837,0
2020-05-07T14:55:04,2020-05-07T15:37:31,2547,2547,0
2020-05-07T17:23:32,2020-05-07T17:45:08,1296,1296,0
2020-05-07T19:57:41,2020-05-08T06:06:05,36504,36504,0
2020-05-08T07:47:50,2020-05-08T08:23:37,2147,2147,0
2020-05-08T10:18:31,2020-05-08T10:26:46,495,76,419
2020-05-08T11:56:22,2020-05-08T12:29:46,2004,2004,0
2020-05-08T12:30:20,2020-05-08T12:30:27,7,7,0
2020-05-08T14:22:16,2020-05-08T15:01:12,2336,2336,0
2020-05-08T16:50:51,2020-05-08T17:29:31,2320,2320,0
2020-05-08T20:00:00,2020-05-09T06:27:52,37672,37672,0
2020-05-09T08:15:43,2020-05-09T09:12:53,3430,3408,22
2020-05-09T10:53:45,2020-05-09T10:54:58,73,73,0
2020-05-09T11:03:19,2020-05-09T11:43:10,2391,2391,0
2020-05-09T19:33:44,2020-05-09T20:26:32,3168,3168,0
2020-05-09T20:47:41,2020-05-09T20:48:06,25,25,0
2020-05-09T21:12:04,2020-05-09T21:13:15,71,54,17
2020-05-09T21:49:50,2020-05-10T03:49:25,21575,21575,0
2020-05-10T04:38:21,2020-05-10T06:44:02,7541,7541,0
2020-05-10T08:27:13,2020-05-10T09:05:45,2312,2312,0
2020-05-10T10:50:09,2020-05-10T11:30:40,2431,2406,25
2020-05-10T13:15:49,2020-05-10T13:18:55,186,186,0
2020-05-10T13:27:06,2020-05-10T13:59:25,1939,1939,0
2020-05-10T16:01:40,2020-05-10T16:54:46,3186,3186,0
2020-05-10T20:33:46,2020-05-11T04:09:52,27366,27366,0
2020-05-11T05:04:34,2020-05-11T06:07:27,3773,3723,50
2020-05-11T08:02:51,2020-05-11T08:52:32,2981,2981,0
2020-05-11T17:29:12,2020-05-11T18:00:47,1895,1895,0
2020-05-11T20:25:54,2020-05-11T22:01:45,5751,5751,0
2020-05-11T22:14:55,2020-05-11T22:15:45,50,50,0
2020-05-11T22:31:02,2020-05-11T23:16:22,2720,2662,58
2020-05-11T23:45:26,2020-05-12T01:17:58,5552,5552,0
2020-05-12T01:42:15,2020-05-12T05:09:09,12414,12414,0
2020-05-12T05:41:40,2020-05-12T07:36:22,6882,6882,0
2020-05-12T09:25:45,2020-05-12T09:56:28,1843,1843,0
2020-05-12T11:32:07,2020-05-12T11:35:17,190,13,177
2020-05-12T14:36:28,2020-05-12T15:02:54,1586,1586,0
2020-05-12T19:57:05,2020-05-12T21:51:02,6837,6597,240
2020-05-12T21:53:58,2020-05-12T21:54:24,26,13,13
2020-05-12T22:09:57,2020-05-13T02:30:37,15640,15640,0
2020-05-13T03:11:28,2020-05-13T04:29:04,4656,4656,0
2020-05-13T04:46:08,2020-05-13T04:46:51,43,43,0
2020-05-13T04:53:23,2020-05-13T04:56:06,163,163,0
2020-05-13T05:18:34,2020-05-13T06:34:38,4564,4564,0
2020-05-13T06:34:38,2020-05-13T06:34:50,12,12,0
2020-05-13T08:14:12,2020-05-13T08:46:17,1925,1925,0
2020-05-13T10:36:28,2020-05-13T11:17:12,2444,2444,0
2020-05-13T14:20:10,2020-05-13T14:21:26,76,76,0
2020-05-13T14:42:07,2020-05-13T15:07:46,1539,1539,0
2020-05-13T19:59:14,2020-05-14T06:14:18,36904,36904,0
2020-05-14T07:39:29,2020-05-14T07:40:32,63,63,0
2020-05-14T07:43:33,2020-05-14T08:12:47,1754,1754,0
2020-05-14T13:21:39,2020-05-14T13:53:47,1928,1928,0
2020-05-14T16:02:02,2020-05-14T16:49:59,2877,2877,0
2020-05-14T19:21:33,2020-05-15T02:26:08,25475,25417,58
2020-05-15T03:33:25,2020-05-15T04:30:46,3441,3441,0
2020-05-15T04:51:09,2020-05-15T04:51:42,33,33,0
2020-05-15T05:01:49,2020-05-15T06:08:52,4023,4023,0
2020-05-15T08:01:22,2020-05-15T08:07:10,348,348,0
2020-05-15T08:15:15,2020-05-15T08:53:07,2272,2272,0
2020-05-15T11:01:52,2020-05-15T11:47:17,2725,2725,0
2020-05-15T13:41:38,2020-05-15T14:28:46,2828,2828,0
2020-05-15T16:31:30,2020-05-15T17:04:04,1954,1954,0
2020-05-15T19:15:58,2020-05-16T01:01:14,20716,20613,103
2020-05-16T01:55:55,2020-05-16T02:54:25,3510,3435,75
2020-05-16T03:36:17,2020-05-16T03:36:45,28,28,0
2020-05-16T03:44:11,2020-05-16T03:48:14,243,216,27
2020-05-16T04:02:41,2020-05-16T05:50:06,6445,6445,0
2020-05-16T07:34:49,2020-05-16T08:10:03,2114,2114,0
2020-05-16T09:56:59,2020-05-16T10:35:17,2298,2298,0
2020-05-16T20:43:47,2020-05-17T05:40:12,32185,32185,0
2020-05-17T07:21:26,2020-05-17T08:09:40,2894,2894,0
2020-05-17T09:59:03,2020-05-17T10:36:50,2267,2267,0
2020-05-17T12:37:45,2020-05-17T13:17:37,2392,2392,0
2020-05-17T15:06:31,2020-05-17T15:58:56,3145,3145,0
2020-05-17T15:58:57,2020-05-17T15:59:00,3,3,0
2020-05-17T21:18:06,2020-05-18T06:42:36,33870,33870,0
2020-05-18T08:29:39,2020-05-18T09:23:58,3259,3259,0
2020-05-18T14:30:30,2020-05-18T15:12:31,2521,2521,0
2020-05-18T20:21:52,2020-05-19T05:48:05,33973,33973,0
2020-05-19T07:32:27,2020-05-19T08:08:57,2190,2190,0
2020-05-19T10:51:47,2020-05-19T11:27:26,2139,2139,0
2020-05-19T13:29:10,2020-05-19T14:00:55,1905,1905,0
2020-05-19T20:57:20,2020-05-20T06:54:18,35818,35818,0
2020-05-20T08:34:12,2020-05-20T08:36:23,131,131,0
2020-05-20T08:45:08,2020-05-20T09:43:03,3475,3475,0
2020-05-20T11:49:48,2020-05-20T12:10:03,1215,1215,0
2020-05-20T12:28:41,2020-05-20T12:57:51,1750,1750,0
2020-05-20T14:55:05,2020-05-20T15:35:35,2430,2354,76
2020-05-20T17:45:50,2020-05-20T18:03:49,1079,1079,0
2020-05-20T20:39:02,2020-05-21T05:49:21,33019,33019,0
2020-05-21T07:33:25,2020-05-21T07:37:37,252,252,0
2020-05-21T08:11:07,2020-05-21T08:43:41,1954,1954,0
2020-05-21T10:53:07,2020-05-21T11:35:09,2522,2522,0
2020-05-21T13:20:42,2020-05-21T13:28:34,472,13,459
2020-05-21T13:53:02,2020-05-21T15:00:33,4051,4031,20
2020-05-21T17:11:06,2020-05-21T17:46:01,2095,2095,0
2020-05-21T20:56:54,2020-05-22T02:35:50,20336,20336,0
2020-05-22T03:35:21,2020-05-22T06:27:36,10335,10335,0
2020-05-22T08:23:08,2020-05-22T08:57:04,2036,2036,0
2020-05-22T15:35:32,2020-05-22T16:08:13,1961,1961,0
2020-05-22T21:03:33,2020-05-23T05:03:38,28805,28805,0
2020-05-23T05:50:45,2020-05-23T06:41:34,3049,3049,0
2020-05-23T10:54:07,2020-05-23T11:59:51,3944,3876,68
2020-05-23T13:50:09,2020-05-23T14:26:28,2179,2165,14
2020-05-23T14:28:46,2020-05-23T14:28:55,9,9,0
2020-05-23T16:16:10,2020-05-23T17:11:54,3344,3328,16
2020-05-23T20:03:06,2020-05-24T05:31:04,34078,34078,0
2020-05-24T06:25:16,2020-05-24T07:08:52,2616,2616,0
2020-05-24T08:58:56,2020-05-24T09:33:23,2067,2047,20
2020-05-24T11:26:38,2020-05-24T11:31:32,294,294,0
2020-05-24T11:48:30,2020-05-24T12:25:20,2210,2210,0
2020-05-24T14:06:06,2020-05-24T14:56:09,3003,3003,0
2020-05-24T20:16:56,2020-05-24T20:22:37,341,296,45
2020-05-24T20:41:21,2020-05-24T21:33:07,3106,3106,0
2020-05-24T21:48:58,2020-05-25T02:04:01,15303,15303,0
2020-05-25T02:47:50,2020-05-25T06:20:58,12788,12737,51
2020-05-25T08:25:44,2020-05-25T09:01:17,2133,2133,0
2020-05-25T11:22:19,2020-05-25T11:52:31,1812,1812,0
2020-05-25T13:54:03,2020-05-25T14:52:25,3502,3417,85
2020-05-25T16:33:47,2020-05-25T17:09:57,2170,2170,0
2020-05-25T19:45:05,2020-05-25T22:26:42,9697,9545,152
2020-05-25T23:07:23,2020-05-25T23:09:32,129,129,0
2020-05-25T23:46:02,2020-05-26T03:47:18,14476,14476,0
2020-05-26T04:22:33,2020-05-26T06:32:04,7771,7708,63
2020-05-26T08:29:12,2020-05-26T08:30:57,105,105,0
2020-05-26T08:42:00,2020-05-26T09:09:45,1665,1589,76
2020-05-26T11:12:05,2020-05-26T11:44:30,1945,1945,0
2020-05-26T13:41:09,2020-05-26T14:18:21,2232,2040,192
2020-05-26T16:17:09,2020-05-26T17:20:12,3783,3764,19
2020-05-26T19:54:16,2020-05-27T02:03:56,22180,22180,0
2020-05-27T02:41:03,2020-05-27T05:56:33,11730,11730,0
2020-05-27T08:03:54,2020-05-27T08:53:15,2961,2961,0
2020-05-27T10:57:00,2020-05-27T11:27:30,1830,1797,33
2020-05-27T13:29:38,2020-05-27T15:03:06,5608,5541,67
2020-05-27T16:51:18,2020-05-27T17:24:31,1993,1993,0
2020-05-27T20:01:02,2020-05-27T22:38:56,9474,9474,0
2020-05-27T23:07:06,2020-05-27T23:50:05,2579,2496,83
2020-05-28T00:55:00,2020-05-28T04:06:54,11514,11463,51
2020-05-28T04:48:06,2020-05-28T05:47:52,3586,3492,94
2020-05-28T07:57:00,2020-05-28T08:25:42,1722,1722,0
2020-05-28T10:20:57,2020-05-28T10:55:06,2049,2049,0
2020-05-28T12:45:32,2020-05-28T13:20:37,2105,2105,0
2020-05-28T15:18:33,2020-05-28T15:56:17,2264,2186,78
2020-05-28T20:19:01,2020-05-28T22:32:15,7994,7883,111
2020-05-28T22:40:56,2020-05-29T01:42:54,10918,10747,171
2020-05-29T02:39:44,2020-05-29T05:48:21,11317,10838,479
2020-05-29T07:48:48,2020-05-29T08:23:06,2058,2058,0
2020-05-29T10:32:08,2020-05-29T11:07:07,2099,2086,13
2020-05-29T13:32:57,2020-05-29T13:59:23,1586,1518,68
2020-05-29T16:04:01,2020-05-29T16:05:45,104,104,0
2020-05-29T16:13:25,2020-05-29T16:48:33,2108,2073,35
2020-05-29T20:12:02,2020-05-30T01:47:33,20131,19993,138
2020-05-30T02:29:30,2020-05-30T07:11:31,16921,16921,0
2020-05-30T09:40:28,2020-05-30T10:08:24,1676,1585,91
2020-05-30T11:56:47,2020-05-30T12:36:45,2398,2379,19
2020-05-30T14:59:31,2020-05-30T15:29:50,1819,1789,30
2020-05-30T17:39:26,2020-05-30T18:12:46,2000,2000,0
2020-05-30T20:39:47,2020-05-30T23:44:01,11054,10860,194
2020-05-31T00:03:40,2020-05-31T02:02:50,7150,7150,0
2020-05-31T02:37:16,2020-05-31T06:55:14,15478,15478,0
2020-05-31T08:56:09,2020-05-31T09:32:24,2175,2091,84
2020-05-31T11:11:10,2020-05-31T11:44:29,1999,1954,45
2020-05-31T13:44:18,2020-05-31T14:30:18,2760,2722,38
2020-05-31T16:19:07,2020-05-31T17:45:39,5192,5192,0
2020-05-31T20:17:13,2020-05-31T22:07:02,6589,6554,35
2020-05-31T22:16:16,2020-05-31T22:22:10,354,320,34
2020-05-31T22:45:12,2020-05-31T23:40:09,3297,3208,89
2020-06-01T00:02:04,2020-06-01T00:08:08,364,296,68
2020-06-01T01:05:59,2020-06-01T03:18:24,7945,7861,84
2020-06-01T03:31:32,2020-06-01T04:53:47,4935,4862,73
2020-06-01T05:31:18,2020-06-01T05:32:09,51,51,0
2020-06-01T07:04:07,2020-06-01T08:19:15,4508,4508,0
2020-06-01T19:14:14,2020-06-01T19:31:44,1050,644,406
2020-06-01T19:49:08,2020-06-01T20:11:24,1336,1288,48
2020-06-01T20:18:45,2020-06-02T00:24:40,14755,14682,73
2020-06-02T00:56:12,2020-06-02T05:05:46,14974,14862,112
2020-06-02T06:58:29,2020-06-02T07:48:13,2984,2941,43
2020-06-02T18:00:17,2020-06-02T18:19:33,1156,1156,0
2020-06-02T20:34:19,2020-06-03T00:03:22,12543,12429,114
2020-06-03T01:22:36,2020-06-03T05:37:23,15287,15287,0
2020-06-03T07:28:24,2020-06-03T08:51:06,4962,4962,0
2020-06-03T17:02:24,2020-06-03T17:28:06,1542,1420,122
2020-06-03T19:59:57,2020-06-03T23:06:06,11169,11083,86
2020-06-03T23:20:05,2020-06-03T23:20:37,32,32,0
2020-06-03T23:29:54,2020-06-04T01:17:05,6431,6344,87
2020-06-04T01:48:32,2020-06-04T05:57:30,14938,14938,0
2020-06-04T07:48:25,2020-06-04T08:37:07,2922,2922,0
2020-06-04T17:09:05,2020-06-04T17:47:57,2332,2291,41
2020-06-04T20:34:57,2020-06-04T23:36:22,10885,10766,119
2020-06-04T23:54:20,2020-06-04T23:57:44,204,179,25
2020-06-05T00:20:07,2020-06-05T02:02:29,6142,6142,0
2020-06-05T02:30:58,2020-06-05T06:05:04,12846,12846,0
2020-06-05T08:05:54,2020-06-05T08:42:53,2219,2190,29
2020-06-05T16:46:20,2020-06-05T17:12:40,1580,1580,0
2020-06-05T19:55:19,2020-06-06T02:03:33,22094,22094,0
2020-06-06T02:37:17,2020-06-06T06:17:10,13193,13193,0
2020-06-06T07:52:06,2020-06-06T08:33:00,2454,2430,24
2020-06-06T10:24:39,2020-06-06T11:30:55,3976,3976,0
2020-06-06T13:49:43,2020-06-06T14:32:06,2543,2543,0
2020-06-06T17:03:45,2020-06-06T17:30:15,1590,1590,0
2020-06-06T20:11:29,2020-06-06T23:31:23,11994,11409,585
2020-06-07T00:10:17,2020-06-07T00:10:19,2,2,0
2020-06-07T00:10:23,2020-06-07T01:39:13,5330,5330,0
2020-06-07T02:07:21,2020-06-07T04:31:38,8657,8593,64
2020-06-07T04:50:31,2020-06-07T06:16:03,5132,5132,0
2020-06-07T08:42:33,2020-06-07T09:25:28,2575,2575,0
2020-06-07T11:15:15,2020-06-07T12:36:21,4866,4866,0
2020-06-07T14:40:15,2020-06-07T15:14:32,2057,2057,0
2020-06-07T20:21:57,2020-06-07T22:11:28,6571,6513,58
2020-06-07T22:25:41,2020-06-07T22:35:47,606,606,0
2020-06-07T22:51:13,2020-06-08T00:21:18,5405,5368,37
2020-06-08T00:47:27,2020-06-08T02:03:24,4557,4557,0
2020-06-08T02:35:09,2020-06-08T06:09:37,12868,12854,14
2020-06-08T08:22:12,2020-06-08T09:27:33,3921,3921,0
2020-06-08T16:34:53,2020-06-08T17:00:42,1549,1549,0
2020-06-08T18:22:25,2020-06-08T18:22:45,20,20,0
2020-06-08T20:05:10,2020-06-08T22:47:28,9738,9489,249
2020-06-08T22:55:28,2020-06-09T02:27:39,12731,11384,1347
2020-06-09T03:40:45,2020-06-09T06:25:18,9873,9873,0
2020-06-09T08:01:44,2020-06-09T08:02:30,46,46,0
2020-06-09T08:15:26,2020-06-09T09:08:48,3202,3202,0
2020-06-09T19:18:52,2020-06-09T22:15:20,10588,10493,95
2020-06-09T22:51:41,2020-06-09T22:53:07,86,13,73
2020-06-09T23:43:45,2020-06-09T23:44:52,67,67,0
2020-06-10T00:09:52,2020-06-10T02:15:31,7539,7448,91
2020-06-10T02:51:43,2020-06-10T03:41:50,3007,2931,76
2020-06-10T04:29:36,2020-06-10T04:36:57,441,441,0
2020-06-10T05:01:21,2020-06-10T05:53:55,3154,2991,163
2020-06-10T08:12:24,2020-06-10T08:33:48,1284,1284,0
2020-06-10T17:03:41,2020-06-10T17:27:45,1444,1420,24
2020-06-10T19:41:03,2020-06-10T22:54:39,11616,11534,82
2020-06-11T00:01:04,2020-06-11T02:54:41,10417,10314,103
2020-06-11T03:52:06,2020-06-11T05:45:22,6796,6617,179
2020-06-11T07:36:09,2020-06-11T08:35:23,3554,3554,0
2020-06-11T19:58:22,2020-06-12T01:08:06,18584,18436,148
2020-06-12T02:11:24,2020-06-12T05:59:56,13712,13712,0
2020-06-12T07:59:59,2020-06-12T09:22:43,4964,4484,480
2020-06-12T16:56:59,2020-06-12T17:26:35,1776,1776,0
2020-06-12T20:07:51,2020-06-12T22:56:35,10124,10053,71
2020-06-12T23:43:54,2020-06-13T00:34:12,3018,2964,54
2020-06-13T01:01:00,2020-06-13T02:21:45,4845,4611,234
2020-06-13T03:54:16,2020-06-13T06:06:12,7916,7232,684
2020-06-13T08:10:37,2020-06-13T09:27:01,4584,4584,0
2020-06-13T14:29:33,2020-06-13T14:34:28,295,159,136
2020-06-13T15:03:20,2020-06-13T16:37:14,5634,5634,0
2020-06-13T19:37:57,2020-06-13T22:34:01,10564,10433,131
2020-06-13T22:43:15,2020-06-13T23:43:25,3610,3523,87
2020-06-14T01:06:37,2020-06-14T03:59:21,10364,10282,82
2020-06-14T04:43:31,2020-06-14T05:37:12,3221,3118,103
2020-06-14T07:48:25,2020-06-14T08:18:31,1806,1720,86
2020-06-14T10:27:38,2020-06-14T11:33:55,3977,3977,0
2020-06-14T13:32:52,2020-06-14T14:13:09,2417,2417,0
2020-06-14T16:30:58,2020-06-14T17:17:39,2801,2758,43
2020-06-14T17:17:41,2020-06-14T17:17:47,6,6,0
2020-06-14T19:55:31,2020-06-15T02:35:42,24011,23795,216
2020-06-15T03:03:05,2020-06-15T03:05:19,134,81,53
2020-06-15T03:18:50,2020-06-15T06:20:37,10907,10907,0
2020-06-15T08:08:40,2020-06-15T08:45:49,2229,2229,0
2020-06-15T16:38:08,2020-06-15T17:05:52,1664,1624,40
2020-06-15T20:31:16,2020-06-16T00:15:40,13464,13305,159
2020-06-16T00:52:17,2020-06-16T02:23:22,5465,4820,645
2020-06-16T02:48:34,2020-06-16T04:17:44,5350,5222,128
2020-06-16T05:26:38,2020-06-16T06:46:55,4817,4725,92
2020-06-16T19:56:05,2020-06-17T01:51:03,21298,21298,0
2020-06-17T02:47:32,2020-06-17T04:21:06,5614,4291,1323
2020-06-17T04:44:58,2020-06-17T06:33:31,6513,6513,0
2020-06-17T20:12:17,2020-06-18T02:06:30,21253,21215,38
2020-06-18T03:07:55,2020-06-18T06:12:47,11092,9184,1908
2020-06-18T19:00:37,2020-06-19T01:12:11,22294,22135,159
2020-06-19T02:33:30,2020-06-19T06:09:55,12985,12709,276
2020-06-19T08:10:00,2020-06-19T09:30:11,4811,4811,0
2020-06-19T20:26:56,2020-06-19T23:34:27,11251,11093,158
2020-06-19T23:52:54,2020-06-20T02:09:20,8186,8186,0
2020-06-20T02:53:14,2020-06-20T05:38:47,9933,9868,65
2020-06-20T07:47:04,2020-06-20T08:23:19,2175,2175,0
2020-06-20T13:45:14,2020-06-20T14:14:49,1775,1775,0
2020-06-20T16:26:04,2020-06-20T17:04:34,2310,2259,51
2020-06-20T19:33:47,2020-06-20T23:50:05,15378,15237,141
2020-06-21T00:37:14,2020-06-21T03:51:11,11637,11637,0
2020-06-21T05:07:25,2020-06-21T07:28:15,8450,8450,0
2020-06-21T09:28:15,2020-06-21T09:33:18,303,49,254
2020-06-21T09:58:42,2020-06-21T10:31:13,1951,1717,234
2020-06-21T19:54:29,2020-06-22T01:34:47,20418,20418,0
2020-06-22T02:04:22,2020-06-22T06:07:16,14574,14574,0
2020-06-22T17:06:06,2020-06-22T17:37:05,1859,1859,0
2020-06-22T20:00:25,2020-06-23T01:08:20,18475,18397,78
2020-06-23T01:55:59,2020-06-23T04:53:21,10642,10642,0
2020-06-23T06:58:56,2020-06-23T07:37:54,2338,2303,35
2020-06-23T17:28:38,2020-06-23T17:47:30,1132,1011,121
2020-06-23T20:09:22,2020-06-24T05:38:56,34174,34083,91
2020-06-24T17:02:46,2020-06-24T17:26:29,1423,1148,275
2020-06-24T19:56:44,2020-06-25T06:11:14,36870,36870,0
2020-06-25T17:03:43,2020-06-25T17:27:21,1418,1292,126
2020-06-25T19:53:16,2020-06-26T05:56:11,36175,35695,480
2020-06-26T08:00:27,2020-06-26T08:00:43,16,16,0
2020-06-26T08:09:27,2020-06-26T08:47:01,2254,2254,0
2020-06-26T19:38:37,2020-06-27T06:19:24,38447,38447,0
2020-06-27T08:30:39,2020-06-27T08:33:28,169,111,58
2020-06-27T08:42:55,2020-06-27T08:59:12,977,437,540
2020-06-27T11:20:18,2020-06-27T11:43:32,1394,1331,63
2020-06-27T13:56:00,2020-06-27T14:27:52,1912,1908,4
2020-06-27T16:21:02,2020-06-27T16:21:02,0,0,0
2020-06-27T16:21:03,2020-06-27T16:23:57,174,140,34
2020-06-27T16:41:23,2020-06-27T17:13:37,1934,1721,213
2020-06-27T19:47:02,2020-06-28T03:23:15,27373,27287,86
2020-06-28T04:22:23,2020-06-28T05:05:45,2602,2343,259
2020-06-28T06:59:59,2020-06-28T08:25:05,5106,5106,0
2020-06-28T10:18:18,2020-06-28T10:49:45,1887,1774,113
2020-06-28T10:49:47,2020-06-28T10:49:54,7,7,0
2020-06-28T13:03:16,2020-06-28T13:39:33,2177,1858,319
2020-06-28T16:31:04,2020-06-28T17:04:34,2010,1956,54
2020-06-28T19:09:30,2020-06-28T19:10:16,46,13,33
2020-06-28T19:12:15,2020-06-28T23:11:31,14356,13562,794
2020-06-28T23:16:56,2020-06-28T23:19:26,150,86,64
2020-06-28T23:31:09,2020-06-29T05:37:09,21960,20669,1291
2020-06-29T16:57:45,2020-06-29T17:02:47,302,103,199
2020-06-29T19:40:37,2020-06-30T05:38:22,35865,34244,1621
2020-06-30T07:44:02,2020-06-30T08:51:59,4077,4077,0
2020-06-30T18:45:32,2020-07-01T05:43:38,39486,35510,3976
2020-07-01T20:23:55,2020-07-02T05:45:45,33710,31699,2011
2020-07-02T07:43:02,2020-07-02T08:27:13,2651,2651,0
2020-07-02T19:48:29,2020-07-03T06:13:56,37527,37368,159
2020-07-03T08:25:19,2020-07-03T08:51:20,1561,1478,83
2020-07-03T10:34:56,2020-07-03T10:48:58,842,805,37
2020-07-03T10:53:10,2020-07-03T11:03:09,599,599,0
2020-07-03T13:41:32,2020-07-03T14:07:36,1564,1564,0
2020-07-03T19:25:05,2020-07-03T19:32:47,462,319,143
2020-07-03T19:32:49,2020-07-04T05:54:34,37305,37305,0

